  404.7400  3091.7319
  410.5700  3136.8692
  416.6000  3222.8347
  422.8300  3253.3816
  429.4800  3298.1367
  436.1200  3388.5670
  443.1700  3472.0547
  450.6300  3528.8437
  458.0700  3622.1941
  465.9200  3747.4801
  474.1700  3925.3124
  482.8200  4159.8818
  491.6500  4431.9421
  501.0900  4515.4315
  510.9200  4612.1794
  521.1300  4623.2828
  531.7100  4633.9560
  542.8800  4514.2923
  554.6200  4418.1543
  566.9200  4335.2209
  579.9800  4141.1346
  593.5900  4094.1761
  607.9300  4016.2794
  623.1900  3880.8637
  638.9500  3817.1214
  655.9900  3755.3710
  673.9000  3756.5987
  693.0200  3654.3523
  712.9500  3590.1096
  734.4100  3479.8884
  757.3500  3408.4276
  781.7100  3435.0598
